   1         "t+uw"   52   90.832298 298.926849 460.466003
   2         "t-uw"   52  195.665604 290.572021 646.542175
   3           "sp"  513  6317.707520
   4         "ay-n"   52  154.034668 858.369934 372.514771
   5         "ay-v"   40  211.052490 377.683990 441.239319
   6       "s-ih+k"   51  176.288177 398.799377 601.889771
   7         "th+r"   56  204.804626 480.375061 368.596436
   8      "th-r+iy"   56  231.947556 156.504593 122.648537
   9         "n+ay"   52  112.075981 234.587753 122.455399
  10       "w-ah+n"   69  354.719574 295.093781 155.603088
  11         "f+ao"   51  470.875275 243.926880 198.518768
  12         "f+ay"   40  182.535828  66.221825  69.630424
  13         "f-ao"   38  151.281525 442.672150 216.084503
  14         "w+ah"   69  407.938232 209.988602 233.391098
  15      "ia-r+ow"   48  173.597702  81.821793 281.936005
  16          "k-s"   51  104.845467  79.546257 188.047318
  17          "sil"  128  3183.121338 6317.707520 1665.223389
  18          "v-n"   41  203.913910 257.305145 405.342224
  19         "ey+t"   53  103.988304 178.503830 139.206955
  20         "ey-t"   53  928.598755 408.388062 375.442230
  21       "f-ao+r"   13   55.479446 155.895538  51.647270
  22       "f-ay+v"   40  140.699722  40.558559 129.106064
  23       "s-eh+v"   41  155.459030 103.676758 130.077698
  24         "z+ia"   48  167.319626 256.449677 289.766418
  25       "n-ay+n"   52  108.494560  63.899860  85.111244
  26       "z-ia+r"   48  261.863983 359.326782 591.084167
  27         "r-iy"   56  263.502594 254.260773 272.134125
  28         "r-ow"   48  277.413483  64.397690  68.147377
  29       "eh-v+n"   41   54.152184  50.037529  95.203751
  30       "ih-k+s"   51  447.980591 234.725800 122.236252
  31         "s+eh"   41   97.486931 120.099327 544.377808
  32         "s+ih"   51  122.101196 166.106003 673.763184
  33         "ah-n"   69   98.701927 119.007324 383.458740
  34         "ao-r"   13   26.330988  16.065065  24.125553
